3 3 2
1 2 10
2 3 15
1 3 5
1 2
2 3

4 4 3
1 2 20
2 3 25
3 4 30
1 4 15
1 3
2 4
4 1

5 6 2
1 2 40
2 3 10
3 4 20
4 5 25
1 5 5
2 4 35
1 5
3 2

3 2 1
1 2 8
2 3 12
1 3

6 7 4
1 2 45
2 3 20
3 4 15
4 5 10
5 6 30
1 3 5
2 5 25
1 6
2 4
3 5
4 1

4 5 2
1 2 15
2 3 20
3 4 25
1 3 0
2 4 40
1 4
3 2

5 5 3
1 2 30
2 3 35
3 4 40
4 5 15
1 4 10
1 5
2 3
4 1

4 4 1
1 2 5
2 3 45
3 4 20
1 4 15
2 4

6 8 3
1 2 10
2 3 20
3 4 30
4 5 40
5 6 50
1 3 15
2 4 25
3 5 35
1 6
3 4
5 2

5 6 2
1 2 25
2 3 30
3 4 15
4 5 20
1 4 10
2 5 5
1 3
4 2